280.0[35.0, 10.0, 11.0, 4.0, 1.0]
280.0[35.0, 10.0, 11.0, 1.0, 4.0]
280.0[35.0, 10.0, 4.0, 11.0, 1.0]
280.0[35.0, 10.0, 4.0, 1.0, 11.0]
280.0[35.0, 10.0, 1.0, 4.0, 11.0]
280.0[35.0, 10.0, 1.0, 11.0, 4.0]
275.0[35.0, 11.0, 10.0, 4.0, 1.0]
275.0[35.0, 11.0, 10.0, 1.0, 4.0]
275.0[35.0, 11.0, 4.0, 10.0, 1.0]
275.0[35.0, 11.0, 4.0, 1.0, 10.0]
275.0[35.0, 11.0, 1.0, 4.0, 10.0]
275.0[35.0, 11.0, 1.0, 10.0, 4.0]
325.0[35.0, 4.0, 11.0, 10.0, 1.0]
325.0[35.0, 4.0, 11.0, 1.0, 10.0]
325.0[35.0, 4.0, 10.0, 11.0, 1.0]
325.0[35.0, 4.0, 10.0, 1.0, 11.0]
325.0[35.0, 4.0, 1.0, 10.0, 11.0]
325.0[35.0, 4.0, 1.0, 11.0, 10.0]
355.0[35.0, 1.0, 11.0, 4.0, 10.0]
355.0[35.0, 1.0, 11.0, 10.0, 4.0]
355.0[35.0, 1.0, 4.0, 11.0, 10.0]
355.0[35.0, 1.0, 4.0, 10.0, 11.0]
355.0[35.0, 1.0, 10.0, 4.0, 11.0]
355.0[35.0, 1.0, 10.0, 11.0, 4.0]
205.0[10.0, 35.0, 11.0, 4.0, 1.0]
205.0[10.0, 35.0, 11.0, 1.0, 4.0]
205.0[10.0, 35.0, 4.0, 11.0, 1.0]
205.0[10.0, 35.0, 4.0, 1.0, 11.0]
205.0[10.0, 35.0, 1.0, 4.0, 11.0]
205.0[10.0, 35.0, 1.0, 11.0, 4.0]
275.0[10.0, 11.0, 35.0, 4.0, 1.0]
275.0[10.0, 11.0, 35.0, 1.0, 4.0]
275.0[10.0, 11.0, 4.0, 35.0, 1.0]
275.0[10.0, 11.0, 4.0, 1.0, 35.0]
275.0[10.0, 11.0, 1.0, 4.0, 35.0]
275.0[10.0, 11.0, 1.0, 35.0, 4.0]
325.0[10.0, 4.0, 11.0, 35.0, 1.0]
325.0[10.0, 4.0, 11.0, 1.0, 35.0]
325.0[10.0, 4.0, 35.0, 11.0, 1.0]
325.0[10.0, 4.0, 35.0, 1.0, 11.0]
325.0[10.0, 4.0, 1.0, 35.0, 11.0]
325.0[10.0, 4.0, 1.0, 11.0, 35.0]
355.0[10.0, 1.0, 11.0, 4.0, 35.0]
355.0[10.0, 1.0, 11.0, 35.0, 4.0]
355.0[10.0, 1.0, 4.0, 11.0, 35.0]
355.0[10.0, 1.0, 4.0, 35.0, 11.0]
355.0[10.0, 1.0, 35.0, 4.0, 11.0]
355.0[10.0, 1.0, 35.0, 11.0, 4.0]
280.0[11.0, 10.0, 35.0, 4.0, 1.0]
280.0[11.0, 10.0, 35.0, 1.0, 4.0]
280.0[11.0, 10.0, 4.0, 35.0, 1.0]
280.0[11.0, 10.0, 4.0, 1.0, 35.0]
280.0[11.0, 10.0, 1.0, 4.0, 35.0]
280.0[11.0, 10.0, 1.0, 35.0, 4.0]
205.0[11.0, 35.0, 10.0, 4.0, 1.0]
205.0[11.0, 35.0, 10.0, 1.0, 4.0]
205.0[11.0, 35.0, 4.0, 10.0, 1.0]
205.0[11.0, 35.0, 4.0, 1.0, 10.0]
205.0[11.0, 35.0, 1.0, 4.0, 10.0]
205.0[11.0, 35.0, 1.0, 10.0, 4.0]
325.0[11.0, 4.0, 35.0, 10.0, 1.0]
325.0[11.0, 4.0, 35.0, 1.0, 10.0]
325.0[11.0, 4.0, 10.0, 35.0, 1.0]
325.0[11.0, 4.0, 10.0, 1.0, 35.0]
325.0[11.0, 4.0, 1.0, 10.0, 35.0]
325.0[11.0, 4.0, 1.0, 35.0, 10.0]
355.0[11.0, 1.0, 35.0, 4.0, 10.0]
355.0[11.0, 1.0, 35.0, 10.0, 4.0]
355.0[11.0, 1.0, 4.0, 35.0, 10.0]
355.0[11.0, 1.0, 4.0, 10.0, 35.0]
355.0[11.0, 1.0, 10.0, 4.0, 35.0]
355.0[11.0, 1.0, 10.0, 35.0, 4.0]
310.0[4.0, 10.0, 11.0, 35.0, 1.0]
310.0[4.0, 10.0, 11.0, 1.0, 35.0]
310.0[4.0, 10.0, 35.0, 11.0, 1.0]
310.0[4.0, 10.0, 35.0, 1.0, 11.0]
310.0[4.0, 10.0, 1.0, 35.0, 11.0]
310.0[4.0, 10.0, 1.0, 11.0, 35.0]
305.0[4.0, 11.0, 10.0, 35.0, 1.0]
305.0[4.0, 11.0, 10.0, 1.0, 35.0]
305.0[4.0, 11.0, 35.0, 10.0, 1.0]
305.0[4.0, 11.0, 35.0, 1.0, 10.0]
305.0[4.0, 11.0, 1.0, 35.0, 10.0]
305.0[4.0, 11.0, 1.0, 10.0, 35.0]
235.0[4.0, 35.0, 11.0, 10.0, 1.0]
235.0[4.0, 35.0, 11.0, 1.0, 10.0]
235.0[4.0, 35.0, 10.0, 11.0, 1.0]
235.0[4.0, 35.0, 10.0, 1.0, 11.0]
235.0[4.0, 35.0, 1.0, 10.0, 11.0]
235.0[4.0, 35.0, 1.0, 11.0, 10.0]
385.0[4.0, 1.0, 11.0, 35.0, 10.0]
385.0[4.0, 1.0, 11.0, 10.0, 35.0]
385.0[4.0, 1.0, 35.0, 11.0, 10.0]
385.0[4.0, 1.0, 35.0, 10.0, 11.0]
385.0[4.0, 1.0, 10.0, 35.0, 11.0]
385.0[4.0, 1.0, 10.0, 11.0, 35.0]
340.0[1.0, 10.0, 11.0, 4.0, 35.0]
340.0[1.0, 10.0, 11.0, 35.0, 4.0]
340.0[1.0, 10.0, 4.0, 11.0, 35.0]
340.0[1.0, 10.0, 4.0, 35.0, 11.0]
340.0[1.0, 10.0, 35.0, 4.0, 11.0]
340.0[1.0, 10.0, 35.0, 11.0, 4.0]
335.0[1.0, 11.0, 10.0, 4.0, 35.0]
335.0[1.0, 11.0, 10.0, 35.0, 4.0]
335.0[1.0, 11.0, 4.0, 10.0, 35.0]
335.0[1.0, 11.0, 4.0, 35.0, 10.0]
335.0[1.0, 11.0, 35.0, 4.0, 10.0]
335.0[1.0, 11.0, 35.0, 10.0, 4.0]
385.0[1.0, 4.0, 11.0, 10.0, 35.0]
385.0[1.0, 4.0, 11.0, 35.0, 10.0]
385.0[1.0, 4.0, 10.0, 11.0, 35.0]
385.0[1.0, 4.0, 10.0, 35.0, 11.0]
385.0[1.0, 4.0, 35.0, 10.0, 11.0]
385.0[1.0, 4.0, 35.0, 11.0, 10.0]
265.0[1.0, 35.0, 11.0, 4.0, 10.0]
265.0[1.0, 35.0, 11.0, 10.0, 4.0]
265.0[1.0, 35.0, 4.0, 11.0, 10.0]
265.0[1.0, 35.0, 4.0, 10.0, 11.0]
265.0[1.0, 35.0, 10.0, 4.0, 11.0]
265.0[1.0, 35.0, 10.0, 11.0, 4.0]
